0,559
0,558
0,557
0,556
0,555
0,554
0,553
0,552
0,551
37,36
0,550
0,549
0,548
0,547
0,546
0,545
0,544
0,543
0,542
0,541
0,540
0,539
0,538
0,537
0,536
0,535
33,67
54,5
54,4
54,3
54,2
54,1
54,0
31,10
31,9
14,8
53,5
53,4
53,3
53,2
53,1
53,0
52,4
52,3
52,2
52,1
52,0
14,7
51,4
51,3
51,2
51,1
51,0
50,5
50,4
50,3
50,2
50,1
50,0
49,4
49,3
49,2
49,1
49,0
48,3
48,2
48,1
48,0
0,534
47,5
47,4
47,3
47,2
0,533
47,1
47,0
46,3
46,2
46,1
46,0
45,5
45,4
45,3
45,2
45,1
45,0
44,7
44,6
44,5
44,4
44,3
44,2
0,532
44,1
44,0
14,6
0,531
43,5
43,4
43,3
43,2
43,1
43,0
42,4
42,3
42,2
0,530
42,1
42,0
41,6
41,5
41,4
41,3
41,2
0,529
41,1
41,0
40,4
40,3
40,2
40,1
40,0
0,528
39,5
39,4
39,3
39,2
39,1
39,0
38,4
38,3
38,2
0,9
38,1
38,0
0,527
0,526
0,525
0,524
0,523
0,522
0,521
0,520
0,519
0,518
0,517
0,516
0,515
0,514
0,513
0,512
0,511
0,510
0,509
33,66
0,508
0,474
31,4
33,65
33,64
